# Cart-Pendulum Passive Drop Simulation
# Initial angle: -10.0 degrees
#
# Physical parameters:
#   M: 1.0
#   m_rod: 0.1
#   m_tip: 0.05
#   m_pend: 0.15000000000000002
#   L_rod: 0.8
#   l: 0.5333333333333333
#   I_pivot: 0.053333333333333344
#   b_x: 0.1
#   b_theta: 0.001
#   g: 9.81
#   M_t: 1.15
#   ml: 0.08000000000000002
#
# Columns: t [s], x [m], x_dot [m/s], theta [rad], theta_dot [rad/s]
#
0.000000	0.000000	0.000000	-0.174533	0.000000
0.010000	0.000010	0.001947	-0.174675	-0.028433
0.020000	0.000039	0.003894	-0.175102	-0.056902
0.030000	0.000088	0.005845	-0.175813	-0.085452
0.040000	0.000156	0.007802	-0.176811	-0.114130
0.050000	0.000244	0.009768	-0.178097	-0.142981
0.060000	0.000351	0.011745	-0.179672	-0.172049
0.070000	0.000479	0.013737	-0.181538	-0.201382
0.080000	0.000626	0.015746	-0.183700	-0.231024
0.090000	0.000794	0.017775	-0.186160	-0.261024
0.100000	0.000982	0.019827	-0.188922	-0.291427
0.110000	0.001190	0.021904	-0.191990	-0.322282
0.120000	0.001420	0.024009	-0.195369	-0.353635
0.130000	0.001671	0.026145	-0.199065	-0.385536
0.140000	0.001943	0.028314	-0.203082	-0.418034
0.150000	0.002237	0.030519	-0.207428	-0.451178
0.160000	0.002553	0.032762	-0.212108	-0.485019
0.170000	0.002892	0.035046	-0.217130	-0.519608
0.180000	0.003254	0.037374	-0.222503	-0.554996
0.190000	0.003640	0.039746	-0.228233	-0.591236
0.200000	0.004050	0.042167	-0.234330	-0.628381
0.210000	0.004483	0.044637	-0.240804	-0.666486
0.220000	0.004942	0.047158	-0.247664	-0.705606
0.230000	0.005427	0.049733	-0.254920	-0.745795
0.240000	0.005937	0.052362	-0.262583	-0.787111
0.250000	0.006474	0.055048	-0.270666	-0.829611
0.260000	0.007038	0.057791	-0.279180	-0.873353
0.270000	0.007630	0.060591	-0.288137	-0.918395
0.280000	0.008250	0.063450	-0.297552	-0.964797
0.290000	0.008899	0.066366	-0.307438	-1.012619
0.300000	0.009578	0.069340	-0.317809	-1.061920
0.310000	0.010286	0.072371	-0.328681	-1.112763
0.320000	0.011026	0.075457	-0.340070	-1.165207
0.330000	0.011796	0.078596	-0.351991	-1.219314
0.340000	0.012598	0.081784	-0.364462	-1.275145
0.350000	0.013432	0.085018	-0.377500	-1.332761
0.360000	0.014298	0.088293	-0.391123	-1.392222
0.370000	0.015198	0.091603	-0.405351	-1.453589
0.380000	0.016130	0.094942	-0.420202	-1.516920
0.390000	0.017096	0.098301	-0.435696	-1.582274
0.400000	0.018096	0.101671	-0.451854	-1.649707
0.410000	0.019130	0.105040	-0.468697	-1.719274
0.420000	0.020197	0.108396	-0.486247	-1.791028
0.430000	0.021298	0.111723	-0.504525	-1.865018
0.440000	0.022431	0.115006	-0.523555	-1.941294
0.450000	0.023598	0.118225	-0.543359	-2.019899
0.460000	0.024796	0.121360	-0.563961	-2.100874
0.470000	0.026024	0.124386	-0.585384	-2.184257
0.480000	0.027283	0.127277	-0.607654	-2.270082
0.490000	0.028569	0.130005	-0.630794	-2.358375
0.500000	0.029882	0.132536	-0.654830	-2.449162
0.510000	0.031219	0.134836	-0.679786	-2.542461
0.520000	0.032578	0.136866	-0.705687	-2.638284
0.530000	0.033956	0.138584	-0.732560	-2.736640
0.540000	0.035349	0.139946	-0.760429	-2.837530
0.550000	0.036753	0.140901	-0.789319	-2.940951
0.560000	0.038165	0.141399	-0.819256	-3.046893
0.570000	0.039580	0.141382	-0.850265	-3.155341
0.580000	0.040991	0.140793	-0.882371	-3.266276
0.590000	0.042393	0.139568	-0.915599	-3.379671
0.600000	0.043780	0.137643	-0.949973	-3.495498
0.610000	0.045144	0.134950	-0.985517	-3.613723
0.620000	0.046476	0.131418	-1.022255	-3.734307
0.630000	0.047769	0.126975	-1.060211	-3.857211
0.640000	0.049012	0.121547	-1.099407	-3.982393
0.650000	0.050196	0.115060	-1.139866	-4.109807
0.660000	0.051310	0.107440	-1.181610	-4.239407
0.670000	0.052341	0.098612	-1.224661	-4.371145
0.680000	0.053278	0.088506	-1.269040	-4.504973
0.690000	0.054107	0.077052	-1.314768	-4.640839
0.700000	0.054814	0.064185	-1.361864	-4.778690
0.710000	0.055385	0.049847	-1.410348	-4.918468
0.720000	0.055806	0.033985	-1.460239	-5.060110
0.730000	0.056060	0.016557	-1.511556	-5.203540
0.740000	0.056132	-0.002470	-1.564316	-5.348674
0.750000	0.056005	-0.023113	-1.618535	-5.495404
0.760000	0.055664	-0.045375	-1.674229	-5.643600
0.770000	0.055092	-0.069240	-1.731411	-5.793099
0.780000	0.054274	-0.094668	-1.790094	-5.943691
0.790000	0.053194	-0.121595	-1.850288	-6.095117
0.800000	0.051837	-0.149926	-1.911998	-6.247044
0.810000	0.050191	-0.179530	-1.975229	-6.399059
0.820000	0.048243	-0.210242	-2.039978	-6.550651
0.830000	0.045983	-0.241848	-2.106238	-6.701188
0.840000	0.043404	-0.274092	-2.173996	-6.849909
0.850000	0.040500	-0.306664	-2.243227	-6.995901
0.860000	0.037271	-0.339204	-2.313901	-7.138091
0.870000	0.033718	-0.371298	-2.385973	-7.275240
0.880000	0.029848	-0.402482	-2.459384	-7.405944
0.890000	0.025673	-0.432249	-2.534065	-7.528649
0.900000	0.021210	-0.460060	-2.609925	-7.641685
0.910000	0.016480	-0.485358	-2.686860	-7.743306
0.920000	0.011513	-0.507589	-2.764747	-7.831760
0.930000	0.006340	-0.526228	-2.843446	-7.905367
0.940000	0.001002	-0.540802	-2.922800	-7.962606
0.950000	-0.004461	-0.550922	-3.002639	-8.002213
0.960000	-0.010001	-0.556306	-3.082783	-8.023265
0.970000	-0.015571	-0.556795	-3.163041	-8.025241
0.980000	-0.021121	-0.552372	-3.243223	-8.008071
0.990000	-0.026602	-0.543156	-3.323140	-7.972132
1.000000	-0.031969	-0.529396	-3.402606	-7.918227
1.010000	-0.037176	-0.511457	-3.481448	-7.847520
1.020000	-0.042185	-0.489792	-3.559505	-7.761461
1.030000	-0.046961	-0.464918	-3.636632	-7.661690
1.040000	-0.051475	-0.437388	-3.712699	-7.549947
1.050000	-0.055702	-0.407763	-3.787597	-7.427987
1.060000	-0.059625	-0.376593	-3.861231	-7.297512
1.070000	-0.063230	-0.344400	-3.933524	-7.160116
1.080000	-0.066511	-0.311663	-4.004415	-7.017251
1.090000	-0.069463	-0.278813	-4.073855	-6.870206
1.100000	-0.072088	-0.246230	-4.141809	-6.720103
1.110000	-0.074390	-0.214237	-4.208250	-6.567900
1.120000	-0.076376	-0.183109	-4.273162	-6.414401
1.130000	-0.078056	-0.153069	-4.336536	-6.260269
1.140000	-0.079441	-0.124297	-4.398368	-6.106048
1.150000	-0.080546	-0.096933	-4.458658	-5.952173
1.160000	-0.081385	-0.071080	-4.517413	-5.798993
1.170000	-0.081973	-0.046811	-4.574641	-5.646784
1.180000	-0.082327	-0.024169	-4.630353	-5.495763
1.190000	-0.082462	-0.003177	-4.684561	-5.346100
1.200000	-0.082396	0.016164	-4.737280	-5.197928
1.210000	-0.082144	0.033871	-4.788525	-5.051356
1.220000	-0.081724	0.049973	-4.838313	-4.906469
1.230000	-0.081150	0.064512	-4.886660	-4.763337
1.240000	-0.080439	0.077538	-4.933585	-4.622023
1.250000	-0.079604	0.089111	-4.979107	-4.482580
1.260000	-0.078661	0.099295	-5.023243	-4.345057
1.270000	-0.077623	0.108159	-5.066015	-4.209499
1.280000	-0.076502	0.115776	-5.107440	-4.075952
1.290000	-0.075311	0.122220	-5.147540	-3.944456
1.300000	-0.074061	0.127567	-5.186336	-3.815052
1.310000	-0.072763	0.131892	-5.223849	-3.687781
1.320000	-0.071427	0.135269	-5.260099	-3.562679
1.330000	-0.070061	0.137772	-5.295110	-3.439781
1.340000	-0.068674	0.139474	-5.328902	-3.319120
1.350000	-0.067274	0.140442	-5.361499	-3.200722
1.360000	-0.065867	0.140744	-5.392924	-3.084613
1.370000	-0.064461	0.140444	-5.423199	-2.970812
1.380000	-0.063060	0.139600	-5.452348	-2.859334
1.390000	-0.061670	0.138271	-5.480394	-2.750187
1.400000	-0.060296	0.136510	-5.507360	-2.643375
1.410000	-0.058941	0.134365	-5.533269	-2.538895
1.420000	-0.057610	0.131885	-5.558145	-2.436738
1.430000	-0.056305	0.129111	-5.582012	-2.336891
1.440000	-0.055029	0.126082	-5.604891	-2.239331
1.450000	-0.053784	0.122835	-5.626806	-2.144035
1.460000	-0.052573	0.119402	-5.647779	-2.050968
1.470000	-0.051396	0.115812	-5.667832	-1.960095
1.480000	-0.050257	0.112093	-5.686988	-1.871372
1.490000	-0.049155	0.108268	-5.705267	-1.784754
1.500000	-0.048092	0.104359	-5.722690	-1.700189
1.510000	-0.047068	0.100384	-5.739277	-1.617622
1.520000	-0.046084	0.096360	-5.755049	-1.536993
1.530000	-0.045141	0.092302	-5.770023	-1.458242
1.540000	-0.044238	0.088222	-5.784220	-1.381302
1.550000	-0.043376	0.084131	-5.797655	-1.306106
1.560000	-0.042556	0.080037	-5.810347	-1.232584
1.570000	-0.041776	0.075950	-5.822312	-1.160664
1.580000	-0.041036	0.071875	-5.833566	-1.090271
1.590000	-0.040338	0.067818	-5.844123	-1.021332
1.600000	-0.039680	0.063782	-5.853997	-0.953768
1.610000	-0.039062	0.059771	-5.863202	-0.887503
1.620000	-0.038485	0.055786	-5.871751	-0.822458
1.630000	-0.037946	0.051830	-5.879655	-0.758553
1.640000	-0.037448	0.047903	-5.886926	-0.695710
1.650000	-0.036988	0.044006	-5.893573	-0.633847
1.660000	-0.036568	0.040137	-5.899606	-0.572884
1.670000	-0.036185	0.036295	-5.905033	-0.512741
1.680000	-0.035842	0.032481	-5.909863	-0.453337
1.690000	-0.035536	0.028691	-5.914102	-0.394590
1.700000	-0.035268	0.024925	-5.917757	-0.336420
1.710000	-0.035037	0.021179	-5.920832	-0.278745
1.720000	-0.034844	0.017451	-5.923333	-0.221485
1.730000	-0.034688	0.013738	-5.925263	-0.164557
1.740000	-0.034569	0.010039	-5.926625	-0.107882
1.750000	-0.034487	0.006349	-5.927421	-0.051378
1.760000	-0.034442	0.002667	-5.927653	0.005035
1.770000	-0.034434	-0.001012	-5.927320	0.061439
1.780000	-0.034463	-0.004690	-5.926424	0.117915
1.790000	-0.034528	-0.008369	-5.924962	0.174543
1.800000	-0.034630	-0.012053	-5.922932	0.231404
1.810000	-0.034769	-0.015745	-5.920333	0.288579
1.820000	-0.034945	-0.019446	-5.917159	0.346149
1.830000	-0.035158	-0.023160	-5.913408	0.404194
1.840000	-0.035408	-0.026889	-5.909074	0.462795
1.850000	-0.035696	-0.030634	-5.904150	0.522032
1.860000	-0.036021	-0.034397	-5.898630	0.581986
1.870000	-0.036384	-0.038179	-5.892508	0.642738
1.880000	-0.036784	-0.041982	-5.885773	0.704366
1.890000	-0.037223	-0.045805	-5.878417	0.766951
1.900000	-0.037701	-0.049648	-5.870430	0.830572
1.910000	-0.038216	-0.053511	-5.861802	0.895308
1.920000	-0.038771	-0.057391	-5.852520	0.961238
1.930000	-0.039364	-0.061287	-5.842573	1.028437
1.940000	-0.039997	-0.065196	-5.831947	1.096984
1.950000	-0.040668	-0.069112	-5.820628	1.166954
1.960000	-0.041379	-0.073032	-5.808603	1.238420
1.970000	-0.042129	-0.076948	-5.795855	1.311456
1.980000	-0.042918	-0.080853	-5.782368	1.386133
1.990000	-0.043746	-0.084737	-5.768127	1.462518
2.000000	-0.044613	-0.088590	-5.753112	1.540680
2.010000	-0.045518	-0.092400	-5.737307	1.620682
2.020000	-0.046460	-0.096152	-5.720692	1.702585
2.030000	-0.047440	-0.099830	-5.703249	1.786446
2.040000	-0.048457	-0.103415	-5.684956	1.872321
2.050000	-0.049508	-0.106887	-5.665795	1.960260
2.060000	-0.050594	-0.110221	-5.645744	2.050308
2.070000	-0.051712	-0.113393	-5.624782	2.142508
2.080000	-0.052861	-0.116372	-5.602887	2.236895
2.090000	-0.054039	-0.119128	-5.580037	2.333502
2.100000	-0.055243	-0.121626	-5.556209	2.432354
2.110000	-0.056470	-0.123827	-5.531382	2.533472
2.120000	-0.057718	-0.125689	-5.505532	2.636870
2.130000	-0.058983	-0.127170	-5.478637	2.742558
2.140000	-0.060260	-0.128219	-5.450673	2.850538
2.150000	-0.061546	-0.128786	-5.421619	2.960808
2.160000	-0.062834	-0.128815	-5.391450	3.073359
2.170000	-0.064120	-0.128250	-5.360144	3.188177
2.180000	-0.065397	-0.127028	-5.327679	3.305244
2.190000	-0.066658	-0.125086	-5.294032	3.424536
2.200000	-0.067896	-0.122357	-5.259181	3.546025
2.210000	-0.069102	-0.118773	-5.223104	3.669680
2.220000	-0.070268	-0.114264	-5.185780	3.795466
2.230000	-0.071384	-0.108758	-5.147187	3.923346
2.240000	-0.072440	-0.102183	-5.107306	4.053280
2.250000	-0.073424	-0.094467	-5.066115	4.185226
2.260000	-0.074325	-0.085540	-5.023595	4.319140
2.270000	-0.075131	-0.075334	-4.979726	4.454976
2.280000	-0.075827	-0.063783	-4.934489	4.592685
2.290000	-0.076402	-0.050827	-4.887866	4.732215
2.300000	-0.076839	-0.036410	-4.839839	4.873507
2.310000	-0.077125	-0.020486	-4.790390	5.016495
2.320000	-0.077244	-0.003017	-4.739504	5.161101
2.330000	-0.077180	0.016024	-4.687163	5.307233
2.340000	-0.076918	0.036648	-4.633354	5.454776
2.350000	-0.076442	0.058852	-4.578064	5.603588
2.360000	-0.075736	0.082611	-4.521279	5.753493
2.370000	-0.074785	0.107880	-4.462991	5.904264
2.380000	-0.073573	0.134585	-4.403192	6.055621
2.390000	-0.072088	0.162622	-4.341878	6.207211
2.400000	-0.070317	0.191854	-4.279048	6.358594
2.410000	-0.068248	0.222104	-4.214708	6.509232
2.420000	-0.065872	0.253152	-4.148868	6.658464
2.430000	-0.063183	0.284733	-4.081546	6.805501
2.440000	-0.060177	0.316531	-4.012769	6.949404
2.450000	-0.056853	0.348180	-3.942572	7.089078
2.460000	-0.053215	0.379266	-3.871005	7.223268
2.470000	-0.049271	0.409325	-3.798130	7.350568
2.480000	-0.045034	0.437860	-3.724022	7.469437
2.490000	-0.040521	0.464342	-3.648775	7.578231
2.500000	-0.035755	0.488233	-3.572497	7.675257
2.510000	-0.030766	0.509005	-3.495314	7.758835
2.520000	-0.025587	0.526163	-3.417370	7.827379
2.530000	-0.020257	0.539273	-3.338822	7.879484
2.540000	-0.014817	0.547984	-3.259839	7.914010
2.550000	-0.009312	0.552054	-3.180603	7.930162
2.560000	-0.003791	0.551363	-3.101298	7.927545
2.570000	0.001699	0.545928	-3.022114	7.906196
2.580000	0.007112	0.535891	-2.943235	7.866579
2.590000	0.012402	0.521522	-2.864841	7.809549
2.600000	0.017529	0.503190	-2.787099	7.736297
2.610000	0.022454	0.481348	-2.710164	7.648265
2.620000	0.027146	0.456503	-2.634177	7.547063
2.630000	0.031576	0.429189	-2.559261	7.434378
2.640000	0.035723	0.399949	-2.485522	7.311901
2.650000	0.039571	0.369308	-2.413050	7.181261
2.660000	0.043106	0.337764	-2.341919	7.043977
2.670000	0.046324	0.305771	-2.272188	6.901430
2.680000	0.049222	0.273739	-2.203904	6.754847
2.690000	0.051800	0.242025	-2.137101	6.605291
2.700000	0.054064	0.210935	-2.071805	6.453672
2.710000	0.056022	0.180727	-2.008032	6.300753
2.720000	0.057683	0.151611	-1.945792	6.147166
2.730000	0.059058	0.123757	-1.885089	5.993427
2.740000	0.060162	0.097295	-1.825923	5.839954
2.750000	0.061009	0.072320	-1.768288	5.687081
2.760000	0.061614	0.048900	-1.712178	5.535072
2.770000	0.061992	0.027074	-1.657583	5.384138
2.780000	0.062161	0.006862	-1.604491	5.234443
2.790000	0.062135	-0.011738	-1.552890	5.086119
2.800000	0.061931	-0.028743	-1.502764	4.939270
2.810000	0.061565	-0.044183	-1.454099	4.793981
2.820000	0.061053	-0.058099	-1.406879	4.650320
2.830000	0.060408	-0.070542	-1.361087	4.508348
2.840000	0.059647	-0.081569	-1.316706	4.368116
2.850000	0.058781	-0.091243	-1.273719	4.229671
2.860000	0.057826	-0.099632	-1.232107	4.093056
2.870000	0.056793	-0.106806	-1.191851	3.958312
2.880000	0.055694	-0.112836	-1.152934	3.825477
2.890000	0.054540	-0.117797	-1.115335	3.694587
2.900000	0.053341	-0.121761	-1.079036	3.565676
2.910000	0.052108	-0.124799	-1.044015	3.438776
2.920000	0.050848	-0.126984	-1.010253	3.313915
2.930000	0.049571	-0.128383	-0.977730	3.191118
2.940000	0.048283	-0.129063	-0.946424	3.070407
2.950000	0.046991	-0.129088	-0.916315	2.951798
2.960000	0.045703	-0.128519	-0.887381	2.835302
2.970000	0.044423	-0.127415	-0.859602	2.720927
2.980000	0.043156	-0.125828	-0.832956	2.608672
2.990000	0.041908	-0.123811	-0.807421	2.498533
3.000000	0.040681	-0.121411	-0.782978	2.390500
3.010000	0.039481	-0.118671	-0.759604	2.284554
3.020000	0.038309	-0.115634	-0.737280	2.180672
3.030000	0.037169	-0.112336	-0.715984	2.078825
3.040000	0.036063	-0.108811	-0.695697	1.978979
3.050000	0.034993	-0.105091	-0.676398	1.881093
3.060000	0.033962	-0.101203	-0.658068	1.785120
3.070000	0.032970	-0.097173	-0.640689	1.691009
3.080000	0.032019	-0.093024	-0.624242	1.598705
3.090000	0.031110	-0.088776	-0.608709	1.508147
3.100000	0.030243	-0.084446	-0.594074	1.419270
3.110000	0.029421	-0.080050	-0.580319	1.332007
3.120000	0.028643	-0.075602	-0.567428	1.246285
3.130000	0.027909	-0.071114	-0.555388	1.162030
3.140000	0.027220	-0.066595	-0.544183	1.079163
3.150000	0.026577	-0.062055	-0.533800	0.997604
3.160000	0.025979	-0.057500	-0.524227	0.917272
3.170000	0.025427	-0.052937	-0.515451	0.838080
3.180000	0.024921	-0.048370	-0.507462	0.759942
3.190000	0.024460	-0.043804	-0.500249	0.682772
3.200000	0.024044	-0.039241	-0.493804	0.606479
3.210000	0.023675	-0.034682	-0.488117	0.530974
3.220000	0.023351	-0.030131	-0.483182	0.456164
3.230000	0.023072	-0.025587	-0.478992	0.381959
3.240000	0.022839	-0.021051	-0.475541	0.308265
3.250000	0.022651	-0.016523	-0.472825	0.234989
3.260000	0.022509	-0.012003	-0.470840	0.162037
3.270000	0.022411	-0.007490	-0.469583	0.089316
3.280000	0.022359	-0.002982	-0.469053	0.016732
3.290000	0.022351	0.001519	-0.469249	-0.055811
3.300000	0.022389	0.006016	-0.470170	-0.128405
3.310000	0.022472	0.010510	-0.471817	-0.201145
3.320000	0.022599	0.015000	-0.474193	-0.274125
3.330000	0.022772	0.019488	-0.477301	-0.347438
3.340000	0.022989	0.023974	-0.481144	-0.421178
3.350000	0.023251	0.028457	-0.485726	-0.495437
3.360000	0.023558	0.032937	-0.491054	-0.570307
3.370000	0.023910	0.037413	-0.497135	-0.645879
3.380000	0.024306	0.041883	-0.503975	-0.722244
3.390000	0.024748	0.046344	-0.511582	-0.799491
3.400000	0.025233	0.050794	-0.519968	-0.877708
3.410000	0.025763	0.055228	-0.529140	-0.956980
3.420000	0.026338	0.059641	-0.539111	-1.037394
3.430000	0.026956	0.064026	-0.549892	-1.119033
3.440000	0.027618	0.068376	-0.561496	-1.201976
3.450000	0.028323	0.072681	-0.573936	-1.286303
3.460000	0.029072	0.076932	-0.587227	-1.372089
3.470000	0.029862	0.081115	-0.601383	-1.459407
3.480000	0.030694	0.085217	-0.616420	-1.548328
3.490000	0.031566	0.089221	-0.632355	-1.638916
3.500000	0.032478	0.093109	-0.649205	-1.731235
3.510000	0.033428	0.096860	-0.666986	-1.825342
3.520000	0.034414	0.100452	-0.685717	-1.921291
3.530000	0.035436	0.103857	-0.705418	-2.019130
3.540000	0.036491	0.107049	-0.726107	-2.118903
3.550000	0.037576	0.109995	-0.747803	-2.220648
3.560000	0.038690	0.112661	-0.770526	-2.324397
3.570000	0.039828	0.115009	-0.794297	-2.430178
3.580000	0.040989	0.116998	-0.819137	-2.538012
3.590000	0.042167	0.118585	-0.845064	-2.647912
3.600000	0.043359	0.119723	-0.872102	-2.759890
3.610000	0.044560	0.120360	-0.900269	-2.873946
3.620000	0.045764	0.120442	-0.929588	-2.990080
3.630000	0.046967	0.119913	-0.960078	-3.108283
3.640000	0.048160	0.118714	-0.991760	-3.228542
3.650000	0.049338	0.116781	-1.024655	-3.350838
3.660000	0.050493	0.114050	-1.058784	-3.475150
3.670000	0.051617	0.110455	-1.094165	-3.601452
3.680000	0.052699	0.105926	-1.130819	-3.729713
3.690000	0.053732	0.100394	-1.168766	-3.859901
3.700000	0.054704	0.093791	-1.208023	-3.991979
3.710000	0.055604	0.086047	-1.248611	-4.125911
3.720000	0.056420	0.077094	-1.290548	-4.261655
3.730000	0.057141	0.066867	-1.333850	-4.399168
3.740000	0.057753	0.055304	-1.378537	-4.538401
3.750000	0.058243	0.042348	-1.424624	-4.679302
3.760000	0.058596	0.027947	-1.472128	-4.821813
3.770000	0.058797	0.012060	-1.521065	-4.965865
3.780000	0.058832	-0.005348	-1.571450	-5.111375
3.790000	0.058685	-0.024299	-1.623297	-5.258247
3.800000	0.058340	-0.044798	-1.676619	-5.406359
3.810000	0.057784	-0.066838	-1.731428	-5.555558
3.820000	0.056999	-0.090388	-1.787734	-5.705657
3.830000	0.055971	-0.115397	-1.845544	-5.856417
3.840000	0.054686	-0.141785	-1.904863	-6.007541
3.850000	0.053131	-0.169443	-1.965694	-6.158659
3.860000	0.051294	-0.198226	-2.028035	-6.309315
3.870000	0.049163	-0.227954	-2.091877	-6.458948
3.880000	0.046732	-0.258400	-2.157208	-6.606882
3.890000	0.043994	-0.289296	-2.224007	-6.752309
3.900000	0.040946	-0.320324	-2.292243	-6.894276
3.910000	0.037588	-0.351117	-2.361877	-7.031681
3.920000	0.033926	-0.381263	-2.432857	-7.163269
3.930000	0.029967	-0.410306	-2.505118	-7.287643
3.940000	0.025725	-0.437757	-2.578581	-7.403285
3.950000	0.021218	-0.463102	-2.653149	-7.508590
3.960000	0.016471	-0.485824	-2.728713	-7.601920
3.970000	0.011512	-0.505417	-2.805143	-7.681666
3.980000	0.006375	-0.521415	-2.882296	-7.746327
3.990000	0.001097	-0.533414	-2.960014	-7.794592
4.000000	-0.004279	-0.541094	-3.038129	-7.825421
4.010000	-0.009709	-0.544244	-3.116462	-7.838117
4.020000	-0.015148	-0.542772	-3.194830	-7.832373
4.030000	-0.020549	-0.536712	-3.273049	-7.808293
4.040000	-0.025868	-0.526226	-3.350937	-7.766390
4.050000	-0.031060	-0.511586	-3.428320	-7.707544
4.060000	-0.036087	-0.493165	-3.505035	-7.632943
4.070000	-0.040912	-0.471404	-3.580931	-7.544006
4.080000	-0.045505	-0.446799	-3.655873	-7.442300
4.090000	-0.049840	-0.419867	-3.729740	-7.329461
4.100000	-0.053897	-0.391130	-3.802430	-7.207116
4.110000	-0.057659	-0.361093	-3.873856	-7.076833
4.120000	-0.061116	-0.330231	-3.943945	-6.940070
4.130000	-0.064262	-0.298981	-4.012640	-6.798152
4.140000	-0.067096	-0.267733	-4.079895	-6.652253
4.150000	-0.069618	-0.236828	-4.145675	-6.503396
4.160000	-0.071834	-0.206559	-4.209956	-6.352454
4.170000	-0.073752	-0.177172	-4.272720	-6.200163
4.180000	-0.075381	-0.148868	-4.333957	-6.047131
4.190000	-0.076734	-0.121807	-4.393662	-5.893859
4.200000	-0.077822	-0.096114	-4.451834	-5.740751
4.210000	-0.078661	-0.071880	-4.508478	-5.588133
4.220000	-0.079265	-0.049168	-4.563600	-5.436265
4.230000	-0.079649	-0.028017	-4.617207	-5.285352
4.240000	-0.079830	-0.008444	-4.669310	-5.135557
4.250000	-0.079823	0.009555	-4.719922	-4.987010
4.260000	-0.079644	0.025994	-4.769055	-4.839815
4.270000	-0.079309	0.040904	-4.816723	-4.694055
4.280000	-0.078831	0.054326	-4.862941	-4.549800
4.290000	-0.078227	0.066308	-4.907724	-4.407108
4.300000	-0.077510	0.076907	-4.951089	-4.266029
4.310000	-0.076693	0.086184	-4.993051	-4.126608
4.320000	-0.075790	0.094205	-5.033627	-3.988887
4.330000	-0.074813	0.101036	-5.072834	-3.852902
4.340000	-0.073773	0.106749	-5.110691	-3.718689
4.350000	-0.072682	0.111414	-5.147214	-3.586279
4.360000	-0.071548	0.115101	-5.182422	-3.455702
4.370000	-0.070383	0.117880	-5.216334	-3.326985
4.380000	-0.069193	0.119819	-5.248968	-3.200149
4.390000	-0.067989	0.120986	-5.280343	-3.075215
4.400000	-0.066776	0.121443	-5.310479	-2.952198
4.410000	-0.065562	0.121254	-5.339394	-2.831107
4.420000	-0.064353	0.120476	-5.367107	-2.711948
4.430000	-0.063154	0.119166	-5.393639	-2.594721
4.440000	-0.061971	0.117375	-5.419008	-2.479419
4.450000	-0.060808	0.115154	-5.443234	-2.366030
4.460000	-0.059669	0.112547	-5.466335	-2.254537
4.470000	-0.058558	0.109598	-5.488331	-2.144914
4.480000	-0.057478	0.106346	-5.509240	-2.037133
4.490000	-0.056432	0.102826	-5.529080	-1.931156
4.500000	-0.055423	0.099073	-5.547869	-1.826942
4.510000	-0.054452	0.095115	-5.565624	-1.724442
4.520000	-0.053521	0.090980	-5.582363	-1.623605
4.530000	-0.052632	0.086693	-5.598102	-1.524371
4.540000	-0.051788	0.082275	-5.612856	-1.426677
4.550000	-0.050987	0.077746	-5.626640	-1.330456
4.560000	-0.050233	0.073123	-5.639469	-1.235637
4.570000	-0.049525	0.068421	-5.651357	-1.142143
4.580000	-0.048865	0.063655	-5.662316	-1.049897
4.590000	-0.048252	0.058835	-5.672359	-0.958814
4.600000	-0.047688	0.053972	-5.681496	-0.868812
4.610000	-0.047173	0.049074	-5.689739	-0.779801
4.620000	-0.046707	0.044149	-5.697095	-0.691692
4.630000	-0.046290	0.039203	-5.703575	-0.604394
4.640000	-0.045923	0.034242	-5.709186	-0.517811
4.650000	-0.045605	0.029270	-5.713933	-0.431851
4.660000	-0.045337	0.024291	-5.717824	-0.346415
4.670000	-0.045119	0.019308	-5.720863	-0.261407
4.680000	-0.044951	0.014324	-5.723054	-0.176728
4.690000	-0.044833	0.009342	-5.724398	-0.092280
4.700000	-0.044764	0.004362	-5.724900	-0.007964
4.710000	-0.044746	-0.000611	-5.724558	0.076320
4.720000	-0.044777	-0.005577	-5.723373	0.160670
4.730000	-0.044857	-0.010534	-5.721344	0.245187
4.740000	-0.044987	-0.015478	-5.718468	0.329968
4.750000	-0.045167	-0.020409	-5.714743	0.415111
4.760000	-0.045395	-0.025321	-5.710165	0.500715
4.770000	-0.045673	-0.030212	-5.704727	0.586875
4.780000	-0.046000	-0.035078	-5.698425	0.673687
4.790000	-0.046375	-0.039914	-5.691251	0.761244
4.800000	-0.046798	-0.044713	-5.683197	0.849637
4.810000	-0.047269	-0.049468	-5.674255	0.938958
4.820000	-0.047787	-0.054172	-5.664415	1.029293
4.830000	-0.048352	-0.058814	-5.653666	1.120728
4.840000	-0.048963	-0.063385	-5.641996	1.213345
4.850000	-0.049619	-0.067870	-5.629394	1.307225
4.860000	-0.050320	-0.072256	-5.615847	1.402442
4.870000	-0.051064	-0.076526	-5.601341	1.499070
4.880000	-0.051850	-0.080662	-5.585861	1.597176
4.890000	-0.052677	-0.084644	-5.569392	1.696824
4.900000	-0.053542	-0.088447	-5.551919	1.798074
4.910000	-0.054445	-0.092047	-5.533425	1.900980
4.920000	-0.055383	-0.095415	-5.513894	2.005592
4.930000	-0.056352	-0.098520	-5.493308	2.111952
4.940000	-0.057352	-0.101328	-5.471649	2.220099
4.950000	-0.058378	-0.103802	-5.448900	2.330065
4.960000	-0.059427	-0.105901	-5.425041	2.441876
4.970000	-0.060494	-0.107581	-5.400056	2.555553
4.980000	-0.061577	-0.108798	-5.373924	2.671110
4.990000	-0.062669	-0.109500	-5.346627	2.788554
5.000000	-0.063765	-0.109635	-5.318147	2.907889
5.010000	-0.064859	-0.109147	-5.288463	3.029112
5.020000	-0.065946	-0.107978	-5.257558	3.152215
5.030000	-0.067016	-0.106067	-5.225413	3.277184
5.040000	-0.068064	-0.103351	-5.192008	3.404001
5.050000	-0.069081	-0.099764	-5.157327	3.532646
5.060000	-0.070056	-0.095240	-5.121349	3.663092
5.070000	-0.070982	-0.089713	-5.084059	3.795310
5.080000	-0.071847	-0.083114	-5.045437	3.929270
5.090000	-0.072641	-0.075378	-5.005468	4.064934
5.100000	-0.073351	-0.066440	-4.964133	4.202266
5.110000	-0.073965	-0.056236	-4.921417	4.341222
5.120000	-0.074471	-0.044708	-4.877303	4.481757
5.130000	-0.074855	-0.031802	-4.831777	4.623817
5.140000	-0.075102	-0.017470	-4.784822	4.767343
5.150000	-0.075199	-0.001674	-4.736425	4.912263
5.160000	-0.075131	0.015617	-4.686573	5.058492
5.170000	-0.074882	0.034419	-4.635251	5.205927
5.180000	-0.074437	0.054737	-4.582450	5.354440
5.190000	-0.073782	0.076555	-4.528160	5.503870
5.200000	-0.072901	0.099840	-4.472371	5.654019
5.210000	-0.071781	0.124535	-4.415078	5.804638
5.220000	-0.070406	0.150557	-4.356277	5.955417
5.230000	-0.068765	0.177791	-4.295970	6.105971
5.240000	-0.066847	0.206090	-4.234160	6.255831
5.250000	-0.064641	0.235266	-4.170858	6.404422
5.260000	-0.062139	0.265094	-4.106078	6.551055
5.270000	-0.059337	0.295301	-4.039846	6.694912
5.280000	-0.056233	0.325570	-3.972192	6.835033
5.290000	-0.052827	0.355536	-3.903161	6.970316
5.300000	-0.049125	0.384792	-3.832806	7.099513
5.310000	-0.045135	0.412890	-3.761196	7.221246
5.320000	-0.040872	0.439352	-3.688411	7.334024
5.330000	-0.036355	0.463681	-3.614550	7.436286
5.340000	-0.031607	0.485376	-3.539726	7.526448
5.350000	-0.026658	0.503958	-3.464067	7.602969
5.360000	-0.021540	0.518983	-3.387717	7.664425
5.370000	-0.016292	0.530074	-3.310833	7.709589
5.380000	-0.010953	0.536938	-3.233583	7.737505
5.390000	-0.005567	0.539387	-3.156142	7.747553
5.400000	-0.000180	0.537350	-3.078692	7.739491
5.410000	0.005165	0.530877	-3.001412	7.713473
5.420000	0.010423	0.520135	-2.924481	7.670039
5.430000	0.015554	0.505402	-2.848067	7.610075
5.440000	0.020519	0.487041	-2.772330	7.534756
5.450000	0.025284	0.465489	-2.697418	7.445470
5.460000	0.029820	0.441223	-2.623462	7.343740
5.470000	0.034101	0.414744	-2.550580	7.231147
5.480000	0.038109	0.386556	-2.478870	7.109263
5.490000	0.041828	0.357144	-2.408420	6.979598
5.500000	0.045249	0.326965	-2.339300	6.843557
5.510000	0.048367	0.296438	-2.271566	6.702417
5.520000	0.051178	0.265939	-2.205265	6.557311
5.530000	0.053687	0.235794	-2.140430	6.409227
5.540000	0.055896	0.206285	-2.077087	6.259009
5.550000	0.057815	0.177649	-2.015254	6.107370
5.560000	0.059453	0.150079	-1.954942	5.954903
5.570000	0.060821	0.123730	-1.896157	5.802096
5.580000	0.061932	0.098721	-1.838900	5.649345
5.590000	0.062800	0.075141	-1.783169	5.496970
5.600000	0.063440	0.053050	-1.728959	5.345226
5.610000	0.063866	0.032485	-1.676262	5.194319
5.620000	0.064095	0.013462	-1.625069	5.044410
5.630000	0.064140	-0.004020	-1.575370	4.895629
5.640000	0.064019	-0.019978	-1.527152	4.748079
5.650000	0.063746	-0.034441	-1.480404	4.601844
5.660000	0.063335	-0.047448	-1.435111	4.456993
5.670000	0.062802	-0.059047	-1.391259	4.313585
5.680000	0.062159	-0.069292	-1.348834	4.171668
5.690000	0.061420	-0.078242	-1.307821	4.031286
5.700000	0.060598	-0.085961	-1.268203	3.892477
5.710000	0.059705	-0.092515	-1.229966	3.755278
5.720000	0.058751	-0.097972	-1.193092	3.619719
5.730000	0.057749	-0.102399	-1.157566	3.485829
5.740000	0.056707	-0.105866	-1.123370	3.353633
5.750000	0.055634	-0.108439	-1.090488	3.223153
5.760000	0.054541	-0.110185	-1.058901	3.094407
5.770000	0.053433	-0.111168	-1.028594	2.967410
5.780000	0.052320	-0.111451	-0.999547	2.842172
5.790000	0.051206	-0.111094	-0.971744	2.718696
5.800000	0.050100	-0.110152	-0.945167	2.596983
5.810000	0.049005	-0.108681	-0.919799	2.477026
5.820000	0.047928	-0.106730	-0.895621	2.358814
5.830000	0.046872	-0.104349	-0.872617	2.242329
5.840000	0.045842	-0.101580	-0.850769	2.127547
5.850000	0.044841	-0.098467	-0.830060	2.014438
5.860000	0.043874	-0.095046	-0.810475	1.902966
5.870000	0.042941	-0.091352	-0.791996	1.793090
5.880000	0.042047	-0.087419	-0.774608	1.684761
5.890000	0.041194	-0.083275	-0.758295	1.577926
5.900000	0.040383	-0.078947	-0.743044	1.472528
5.910000	0.039615	-0.074459	-0.728840	1.368502
5.920000	0.038894	-0.069833	-0.715670	1.265780
5.930000	0.038219	-0.065087	-0.703521	1.164289
5.940000	0.037592	-0.060240	-0.692380	1.063953
5.950000	0.037015	-0.055306	-0.682238	0.964692
5.960000	0.036487	-0.050300	-0.673083	0.866420
5.970000	0.036009	-0.045234	-0.664906	0.769053
5.980000	0.035582	-0.040118	-0.657699	0.672499
5.990000	0.035207	-0.034962	-0.651454	0.576667
6.000000	0.034883	-0.029774	-0.646164	0.481463
6.010000	0.034611	-0.024562	-0.641823	0.386791
6.020000	0.034392	-0.019334	-0.638427	0.292554
6.030000	0.034225	-0.014094	-0.635971	0.198653
6.040000	0.034110	-0.008848	-0.634453	0.104989
6.050000	0.034048	-0.003603	-0.633871	0.011462
6.060000	0.034038	0.001637	-0.634223	-0.082028
6.070000	0.034080	0.006866	-0.635511	-0.175581
6.080000	0.034175	0.012080	-0.637736	-0.269297
6.090000	0.034322	0.017272	-0.640898	-0.363276
6.100000	0.034520	0.022437	-0.645002	-0.457615
6.110000	0.034770	0.027568	-0.650052	-0.552413
6.120000	0.035072	0.032658	-0.656052	-0.647766
6.130000	0.035423	0.037699	-0.663010	-0.743768
6.140000	0.035825	0.042681	-0.670930	-0.840510
6.150000	0.036277	0.047596	-0.679823	-0.938085
6.160000	0.036777	0.052430	-0.689695	-1.036578
6.170000	0.037325	0.057172	-0.700557	-1.136074
6.180000	0.037920	0.061807	-0.712420	-1.236656
6.190000	0.038561	0.066319	-0.725294	-1.338399
6.200000	0.039246	0.070688	-0.739192	-1.441379
6.210000	0.039974	0.074895	-0.754126	-1.545664
6.220000	0.040743	0.078918	-0.770110	-1.651320
6.230000	0.041552	0.082731	-0.787157	-1.758406
6.240000	0.042397	0.086306	-0.805283	-1.866977
6.250000	0.043277	0.089613	-0.824502	-1.977084
6.260000	0.044188	0.092620	-0.844830	-2.088770
6.270000	0.045128	0.095290	-0.866283	-2.202072
6.280000	0.046093	0.097584	-0.888877	-2.317024
6.290000	0.047079	0.099460	-0.912629	-2.433652
6.300000	0.048081	0.100873	-0.937556	-2.551975
6.310000	0.049094	0.101776	-0.963674	-2.672008
6.320000	0.050114	0.102117	-0.991002	-2.793760
6.330000	0.051135	0.101841	-1.019555	-2.917233
6.340000	0.052149	0.100894	-1.049352	-3.042426
6.350000	0.053150	0.099215	-1.080409	-3.169329
6.360000	0.054130	0.096744	-1.112744	-3.297932
6.370000	0.055082	0.093417	-1.146374	-3.428217
6.380000	0.055996	0.089171	-1.181314	-3.560163
6.390000	0.056862	0.083941	-1.217582	-3.693747
6.400000	0.057671	0.077661	-1.255194	-3.828939
6.410000	0.058412	0.070266	-1.294166	-3.965707
6.420000	0.059072	0.061695	-1.334514	-4.104018
6.430000	0.059641	0.051886	-1.376252	-4.243830
6.440000	0.060106	0.040782	-1.419395	-4.385100
6.450000	0.060453	0.028331	-1.463958	-4.527776
6.460000	0.060668	0.014485	-1.509955	-4.671799
6.470000	0.060738	-0.000792	-1.557399	-4.817099
6.480000	0.060647	-0.017531	-1.606301	-4.963592
6.490000	0.060382	-0.035748	-1.656674	-5.111175
6.500000	0.059927	-0.055447	-1.708528	-5.259722
6.510000	0.059268	-0.076615	-1.761871	-5.409075
6.520000	0.058390	-0.099221	-1.816711	-5.559039
6.530000	0.057279	-0.123210	-1.873053	-5.709369
6.540000	0.055922	-0.148501	-1.930899	-5.859763
6.550000	0.054305	-0.174988	-1.990247	-6.009847
6.560000	0.052418	-0.202527	-2.051093	-6.159165
6.570000	0.050252	-0.230941	-2.113426	-6.307162
6.580000	0.047797	-0.260012	-2.177230	-6.453172
6.590000	0.045050	-0.289481	-2.242481	-6.596407
6.600000	0.042007	-0.319044	-2.309146	-6.735944
6.610000	0.038670	-0.348353	-2.377184	-6.870724
6.620000	0.035042	-0.377016	-2.446541	-6.999548
6.630000	0.031133	-0.404604	-2.517150	-7.121089
6.640000	0.026955	-0.430658	-2.588933	-7.233916
6.650000	0.022527	-0.454699	-2.661795	-7.336523
6.660000	0.017870	-0.476245	-2.735625	-7.427377
6.670000	0.013012	-0.494827	-2.810298	-7.504981
6.680000	0.007985	-0.510014	-2.885675	-7.567940
6.690000	0.002824	-0.521430	-2.961604	-7.615040
6.700000	-0.002430	-0.528781	-3.037920	-7.645316
6.710000	-0.007737	-0.531870	-3.114452	-7.658117
6.720000	-0.013053	-0.530608	-3.191023	-7.653149
6.730000	-0.018335	-0.525024	-3.267456	-7.630498
6.740000	-0.023540	-0.515262	-3.343576	-7.590621
6.750000	-0.028627	-0.501568	-3.419214	-7.534316
6.760000	-0.033559	-0.484282	-3.494211	-7.462670
6.770000	-0.038302	-0.463810	-3.568420	-7.376987
6.780000	-0.042826	-0.440608	-3.641709	-7.278719
6.790000	-0.047107	-0.415156	-3.713958	-7.169388
6.800000	-0.051124	-0.387940	-3.785064	-7.050522
6.810000	-0.054861	-0.359435	-3.854941	-6.923599
6.820000	-0.058309	-0.330089	-3.923514	-6.790007
6.830000	-0.061462	-0.300318	-3.990723	-6.651017
6.840000	-0.064316	-0.270494	-4.056520	-6.507763
6.850000	-0.066872	-0.240946	-4.120868	-6.361241
6.860000	-0.069136	-0.211957	-4.183737	-6.212309
6.870000	-0.071114	-0.183768	-4.245108	-6.061696
6.880000	-0.072815	-0.156576	-4.304968	-5.910011
6.890000	-0.074250	-0.130542	-4.363307	-5.757758
6.900000	-0.075430	-0.105791	-4.420122	-5.605351
6.910000	-0.076370	-0.082416	-4.475414	-5.453125
6.920000	-0.077083	-0.060483	-4.529186	-5.301350
6.930000	-0.077585	-0.040034	-4.581444	-5.150242
6.940000	-0.077889	-0.021091	-4.632194	-4.999974
6.950000	-0.078012	-0.003656	-4.681446	-4.850683
6.960000	-0.077967	0.012283	-4.729211	-4.702480
6.970000	-0.077771	0.026749	-4.775500	-4.555455
6.980000	-0.077437	0.039780	-4.820324	-4.409680
6.990000	-0.076980	0.051418	-4.863698	-4.265216
7.000000	-0.076413	0.061714	-4.905633	-4.122114
7.010000	-0.075750	0.070726	-4.946145	-3.980418
7.020000	-0.075003	0.078513	-4.985246	-3.840167
7.030000	-0.074183	0.085138	-5.022953	-3.701393
7.040000	-0.073304	0.090667	-5.059279	-3.564128
7.050000	-0.072374	0.095167	-5.094241	-3.428398
7.060000	-0.071403	0.098703	-5.127853	-3.294225
7.070000	-0.070403	0.101341	-5.160130	-3.161629
7.080000	-0.069379	0.103145	-5.191090	-3.030625
7.090000	-0.068342	0.104180	-5.220748	-2.901224
7.100000	-0.067298	0.104505	-5.249120	-2.773433
7.110000	-0.066254	0.104180	-5.276222	-2.647253
7.120000	-0.065217	0.103261	-5.302071	-2.522680
7.130000	-0.064191	0.101800	-5.326681	-2.399705
7.140000	-0.063182	0.099849	-5.350070	-2.278314
7.150000	-0.062195	0.097455	-5.372253	-2.158485
7.160000	-0.061234	0.094661	-5.393245	-2.040192
7.170000	-0.060303	0.091510	-5.413062	-1.923401
7.180000	-0.059405	0.088039	-5.431718	-1.808075
7.190000	-0.058543	0.084284	-5.449228	-1.694168
7.200000	-0.057720	0.080276	-5.465606	-1.581629
7.210000	-0.056939	0.076046	-5.480865	-1.470404
7.220000	-0.056200	0.071621	-5.495018	-1.360431
7.230000	-0.055507	0.067025	-5.508077	-1.251645
7.240000	-0.054860	0.062282	-5.520055	-1.143974
7.250000	-0.054262	0.057410	-5.530960	-1.037343
7.260000	-0.053712	0.052428	-5.540805	-0.931675
7.270000	-0.053213	0.047354	-5.549597	-0.826885
7.280000	-0.052766	0.042201	-5.557345	-0.722890
7.290000	-0.052370	0.036983	-5.564057	-0.619599
7.300000	-0.052026	0.031714	-5.569739	-0.516923
7.310000	-0.051735	0.026403	-5.574397	-0.414767
7.320000	-0.051498	0.021061	-5.578036	-0.313037
7.330000	-0.051314	0.015699	-5.580659	-0.211637
7.340000	-0.051184	0.010324	-5.582269	-0.110468
7.350000	-0.051108	0.004946	-5.582869	-0.009433
7.360000	-0.051085	-0.000427	-5.582458	0.091567
7.370000	-0.051116	-0.005786	-5.581037	0.192630
7.380000	-0.051201	-0.011122	-5.578605	0.293855
7.390000	-0.051339	-0.016427	-5.575159	0.395340
7.400000	-0.051529	-0.021692	-5.570697	0.497180
7.410000	-0.051772	-0.026906	-5.565214	0.599472
7.420000	-0.052067	-0.032058	-5.558706	0.702309
7.430000	-0.052413	-0.037137	-5.551166	0.805782
7.440000	-0.052810	-0.042130	-5.542588	0.909980
7.450000	-0.053255	-0.047022	-5.532964	1.014990
7.460000	-0.053750	-0.051797	-5.522285	1.120895
7.470000	-0.054291	-0.056439	-5.510542	1.227774
7.480000	-0.054878	-0.060927	-5.497726	1.335704
7.490000	-0.055509	-0.065241	-5.483825	1.444755
7.500000	-0.056182	-0.069358	-5.468827	1.554995
7.510000	-0.056895	-0.073251	-5.452720	1.666487
7.520000	-0.057646	-0.076892	-5.435493	1.779287
7.530000	-0.058432	-0.080251	-5.417130	1.893447
7.540000	-0.059250	-0.083294	-5.397619	2.009015
7.550000	-0.060097	-0.085984	-5.376945	2.126030
7.560000	-0.060969	-0.088283	-5.355094	2.244527
7.570000	-0.061861	-0.090149	-5.332049	2.364535
7.580000	-0.062770	-0.091537	-5.307798	2.486077
7.590000	-0.063690	-0.092399	-5.282323	2.609170
7.600000	-0.064616	-0.092684	-5.255609	2.733826
7.610000	-0.065542	-0.092339	-5.227641	2.860049
7.620000	-0.066461	-0.091309	-5.198403	2.987841
7.630000	-0.067365	-0.089534	-5.167879	3.117195
7.640000	-0.068249	-0.086956	-5.136054	3.248104
7.650000	-0.069102	-0.083513	-5.102912	3.380552
7.660000	-0.069916	-0.079143	-5.068438	3.514522
7.670000	-0.070681	-0.073781	-5.032616	3.649991
7.680000	-0.071388	-0.067365	-4.995433	3.786932
7.690000	-0.072025	-0.059834	-4.956873	3.925315
7.700000	-0.072581	-0.051126	-4.916922	4.065107
7.710000	-0.073043	-0.041184	-4.875566	4.206266
7.720000	-0.073400	-0.029954	-4.832792	4.348749
7.730000	-0.073638	-0.017387	-4.788587	4.492501
7.740000	-0.073743	-0.003441	-4.742938	4.637461
7.750000	-0.073702	0.011918	-4.695834	4.783555
7.760000	-0.073500	0.028714	-4.647264	4.930692
7.770000	-0.073123	0.046959	-4.597217	5.078762
7.780000	-0.072556	0.066652	-4.545686	5.227628
7.790000	-0.071785	0.087773	-4.492662	5.377120
7.800000	-0.070796	0.110284	-4.438142	5.527028
7.810000	-0.069575	0.134124	-4.382121	5.677092
7.820000	-0.068109	0.159205	-4.324601	5.826989
7.830000	-0.066387	0.185410	-4.265583	5.976325
7.840000	-0.064398	0.212592	-4.205078	6.124620
7.850000	-0.062133	0.240565	-4.143096	6.271295
7.860000	-0.059585	0.269104	-4.079659	6.415661
7.870000	-0.056749	0.297944	-4.014794	6.556907
7.880000	-0.053626	0.326776	-3.948535	6.694091
7.890000	-0.050215	0.355250	-3.880929	6.826139
7.900000	-0.046523	0.382975	-3.812033	6.951848
7.910000	-0.042560	0.409526	-3.741917	7.069898
7.920000	-0.038338	0.434453	-3.670665	7.178874
7.930000	-0.033877	0.457291	-3.598375	7.277306
7.940000	-0.029201	0.477575	-3.525159	7.363717
7.950000	-0.024336	0.494861	-3.451146	7.436680
7.960000	-0.019315	0.508747	-3.376475	7.494889
7.970000	-0.014174	0.518889	-3.301301	7.537228
7.980000	-0.008951	0.525025	-3.225786	7.562842
7.990000	-0.003687	0.526993	-3.150101	7.571185
8.000000	0.001575	0.524733	-3.074421	7.562065
8.010000	0.006794	0.518302	-2.998918	7.535651
8.020000	0.011928	0.507861	-2.923764	7.492465
8.030000	0.016939	0.493670	-2.849122	7.433344
8.040000	0.021790	0.476072	-2.775146	7.359390
8.050000	0.026450	0.455471	-2.701979	7.271900
8.060000	0.030891	0.432313	-2.629749	7.172294
8.070000	0.035089	0.407064	-2.558569	7.062052
8.080000	0.039027	0.380194	-2.488538	6.942646
8.090000	0.042689	0.352156	-2.419742	6.815495
8.100000	0.046067	0.323379	-2.352250	6.681927
8.110000	0.049156	0.294258	-2.286120	6.543152
8.120000	0.051953	0.265147	-2.221400	6.400252
8.130000	0.054460	0.236356	-2.158126	6.254174
8.140000	0.056682	0.208154	-2.096325	6.105734
8.150000	0.058625	0.180767	-2.036017	5.955627
8.160000	0.060300	0.154383	-1.977216	5.804433
8.170000	0.061717	0.129150	-1.919930	5.652634
8.180000	0.062888	0.105186	-1.864164	5.500626
8.190000	0.063825	0.082578	-1.809917	5.348729
8.200000	0.064544	0.061387	-1.757188	5.197205
8.210000	0.065058	0.041651	-1.705971	5.046261
8.220000	0.065382	0.023388	-1.656260	4.896065
8.230000	0.065530	0.006599	-1.608047	4.746751
8.240000	0.065519	-0.008728	-1.561322	4.598427
8.250000	0.065361	-0.022619	-1.516075	4.451181
8.260000	0.065071	-0.035110	-1.472294	4.305084
8.270000	0.064663	-0.046244	-1.429969	4.160194
8.280000	0.064150	-0.056071	-1.389086	4.016562
8.290000	0.063546	-0.064647	-1.349633	3.874229
8.300000	0.062861	-0.072030	-1.311597	3.733233
8.310000	0.062109	-0.078282	-1.274964	3.593604
8.320000	0.061299	-0.083466	-1.239721	3.455370
8.330000	0.060443	-0.087648	-1.205852	3.318554
8.340000	0.059550	-0.090890	-1.173345	3.183176
8.350000	0.058628	-0.093258	-1.142184	3.049251
8.360000	0.057687	-0.094813	-1.112355	2.916789
8.370000	0.056734	-0.095617	-1.083843	2.785799
8.380000	0.055777	-0.095728	-1.056634	2.656282
8.390000	0.054822	-0.095205	-1.030713	2.528235
8.400000	0.053875	-0.094100	-1.006064	2.401649
8.410000	0.052942	-0.092465	-0.982675	2.276511
8.420000	0.052027	-0.090350	-0.960529	2.152801
8.430000	0.051136	-0.087799	-0.939614	2.030494
8.440000	0.050272	-0.084857	-0.919915	1.909557
8.450000	0.049440	-0.081563	-0.901418	1.789954
8.460000	0.048642	-0.077954	-0.884111	1.671642
8.470000	0.047882	-0.074065	-0.867981	1.554572
8.480000	0.047162	-0.069927	-0.853016	1.438689
8.490000	0.046484	-0.065570	-0.839204	1.323935
8.500000	0.045851	-0.061020	-0.826534	1.210245
8.510000	0.045264	-0.056303	-0.814996	1.097550
8.520000	0.044725	-0.051441	-0.804580	0.985776
8.530000	0.044236	-0.046453	-0.795277	0.874847
8.540000	0.043797	-0.041360	-0.787080	0.764681
8.550000	0.043409	-0.036178	-0.779981	0.655194
8.560000	0.043073	-0.030923	-0.773974	0.546300
8.570000	0.042791	-0.025611	-0.769054	0.437908
8.580000	0.042561	-0.020254	-0.765215	0.329928
8.590000	0.042386	-0.014867	-0.762454	0.222266
8.600000	0.042264	-0.009461	-0.760769	0.114828
8.610000	0.042197	-0.004048	-0.760157	0.007519
8.620000	0.042183	0.001359	-0.760618	-0.099756
8.630000	0.042224	0.006749	-0.762152	-0.207094
8.640000	0.042318	0.012111	-0.764761	-0.314589
8.650000	0.042466	0.017431	-0.768445	-0.422336
8.660000	0.042666	0.022698	-0.773209	-0.530428
8.670000	0.042920	0.027897	-0.779055	-0.638956
8.680000	0.043224	0.033014	-0.785989	-0.748012
8.690000	0.043579	0.038035	-0.794017	-0.857681
8.700000	0.043984	0.042941	-0.803145	-0.968049
8.710000	0.044438	0.047716	-0.813381	-1.079197
8.720000	0.044938	0.052338	-0.824732	-1.191204
8.730000	0.045484	0.056787	-0.837208	-1.304143
8.740000	0.046073	0.061040	-0.850818	-1.418084
8.750000	0.046704	0.065070	-0.865573	-1.533093
8.760000	0.047374	0.068849	-0.881484	-1.649230
8.770000	0.048080	0.072347	-0.898562	-1.766552
8.780000	0.048820	0.075532	-0.916819	-1.885107
8.790000	0.049590	0.078368	-0.936268	-2.004941
8.800000	0.050386	0.080816	-0.956922	-2.126092
8.810000	0.051205	0.082836	-0.978795	-2.248594
8.820000	0.052041	0.084383	-1.001899	-2.372473
8.830000	0.052890	0.085412	-1.026249	-2.497752
8.840000	0.053747	0.085873	-1.051859	-2.624445
8.850000	0.054606	0.085715	-1.078742	-2.752563
8.860000	0.055459	0.084883	-1.106915	-2.882110
8.870000	0.056301	0.083322	-1.136389	-3.013087
8.880000	0.057123	0.080972	-1.167181	-3.145486
8.890000	0.057918	0.077775	-1.199304	-3.279299
8.900000	0.058676	0.073669	-1.232772	-3.414510
8.910000	0.059388	0.068593	-1.267599	-3.551101
8.920000	0.060044	0.062487	-1.303798	-3.689047
8.930000	0.060634	0.055290	-1.341384	-3.828322
8.940000	0.061146	0.046942	-1.380369	-3.968893
8.950000	0.061569	0.037389	-1.420766	-4.110723
8.960000	0.061890	0.026576	-1.462588	-4.253768
8.970000	0.062096	0.014458	-1.505845	-4.397976
8.980000	0.062174	0.000992	-1.550551	-4.543286
8.990000	0.062111	-0.013855	-1.596715	-4.689626
9.000000	0.061893	-0.030108	-1.644346	-4.836905
9.010000	0.061504	-0.047778	-1.693455	-4.985015
9.020000	0.060932	-0.066864	-1.744049	-5.133821
9.030000	0.060162	-0.087349	-1.796134	-5.283157
9.040000	0.059181	-0.109197	-1.849713	-5.432817
9.050000	0.057974	-0.132350	-1.904790	-5.582546
9.060000	0.056530	-0.156725	-1.961363	-5.732032
9.070000	0.054836	-0.182211	-2.019429	-5.880891
9.080000	0.052882	-0.208667	-2.078978	-6.028661
9.090000	0.050660	-0.235915	-2.139996	-6.174782
9.100000	0.048162	-0.263742	-2.202466	-6.318591
9.110000	0.045384	-0.291893	-2.266358	-6.459308
9.120000	0.042324	-0.320075	-2.331638	-6.596029
9.130000	0.038983	-0.347951	-2.398262	-6.727722
9.140000	0.035367	-0.375149	-2.466172	-6.853231
9.150000	0.031484	-0.401261	-2.535302	-6.971288
9.160000	0.027347	-0.425853	-2.605569	-7.080533
9.170000	0.022974	-0.448478	-2.676878	-7.179545
9.180000	0.018386	-0.468685	-2.749121	-7.266894
9.190000	0.013609	-0.486043	-2.822172	-7.341189
9.200000	0.008676	-0.500155	-2.895897	-7.401146
9.210000	0.003618	-0.510679	-2.970144	-7.445656
9.220000	-0.001525	-0.517351	-3.044755	-7.473847
9.230000	-0.006715	-0.519995	-3.119564	-7.485139
9.240000	-0.011911	-0.518537	-3.194401	-7.479286
9.250000	-0.017073	-0.513010	-3.269093	-7.456386
9.260000	-0.022159	-0.503552	-3.343473	-7.416880
9.270000	-0.027131	-0.490395	-3.417378	-7.361523
9.280000	-0.031955	-0.473856	-3.490654	-7.291328
9.290000	-0.036598	-0.454313	-3.563159	-7.207516
9.300000	-0.041033	-0.432189	-3.634764	-7.111440
9.310000	-0.045235	-0.407934	-3.705352	-7.004522
9.320000	-0.049186	-0.381999	-3.774823	-6.888196
9.330000	-0.052871	-0.354829	-3.843089	-6.763851
9.340000	-0.056280	-0.326845	-3.910077	-6.632799
9.350000	-0.059406	-0.298438	-3.975727	-6.496245
9.360000	-0.062248	-0.269960	-4.039988	-6.355274
9.370000	-0.064806	-0.241724	-4.102821	-6.210842
9.380000	-0.067084	-0.214001	-4.164196	-6.063778
9.390000	-0.069089	-0.187020	-4.224090	-5.914791
9.400000	-0.070828	-0.160974	-4.282487	-5.764481
9.410000	-0.072312	-0.136017	-4.339377	-5.613345
9.420000	-0.073552	-0.112271	-4.394753	-5.461796
9.430000	-0.074562	-0.089830	-4.448612	-5.310170
9.440000	-0.075354	-0.068760	-4.500957	-5.158742
9.450000	-0.075942	-0.049104	-4.551789	-5.007732
9.460000	-0.076340	-0.030884	-4.601113	-4.857318
9.470000	-0.076564	-0.014108	-4.648937	-4.707644
9.480000	-0.076627	0.001234	-4.695269	-4.558825
9.490000	-0.076544	0.015163	-4.740117	-4.410954
9.500000	-0.076329	0.027711	-4.783492	-4.264107
9.510000	-0.075994	0.038917	-4.825403	-4.118347
9.520000	-0.075555	0.048829	-4.865862	-3.973726
9.530000	-0.075022	0.057498	-4.904881	-3.830286
9.540000	-0.074409	0.064981	-4.942472	-3.688066
9.550000	-0.073726	0.071338	-4.978647	-3.547096
9.560000	-0.072985	0.076629	-5.013418	-3.407403
9.570000	-0.072197	0.080916	-5.046799	-3.269010
9.580000	-0.071370	0.084264	-5.078803	-3.131934
9.590000	-0.070515	0.086732	-5.109442	-2.996190
9.600000	-0.069638	0.088384	-5.138731	-2.861786
9.610000	-0.068749	0.089279	-5.166683	-2.728729
9.620000	-0.067855	0.089474	-5.193310	-2.597018
9.630000	-0.066962	0.089027	-5.218627	-2.466648
9.640000	-0.066076	0.087990	-5.242648	-2.337609
9.650000	-0.065204	0.086415	-5.265384	-2.209886
9.660000	-0.064350	0.084351	-5.286850	-2.083457
9.670000	-0.063518	0.081844	-5.307057	-1.958296
9.680000	-0.062714	0.078935	-5.326020	-1.834369
9.690000	-0.061941	0.075667	-5.343749	-1.711639
9.700000	-0.061202	0.072075	-5.360256	-1.590061
9.710000	-0.060500	0.068196	-5.375554	-1.469586
9.720000	-0.059839	0.064062	-5.389651	-1.350159
9.730000	-0.059220	0.059702	-5.402560	-1.231720
9.740000	-0.058646	0.055145	-5.414289	-1.114205
9.750000	-0.058118	0.050417	-5.424847	-0.997545
9.760000	-0.057638	0.045540	-5.434242	-0.881666
9.770000	-0.057207	0.040537	-5.442483	-0.766492
9.780000	-0.056827	0.035428	-5.449574	-0.651942
9.790000	-0.056499	0.030232	-5.455523	-0.537934
9.800000	-0.056223	0.024968	-5.460335	-0.424382
9.810000	-0.056000	0.019652	-5.464012	-0.311198
9.820000	-0.055830	0.014300	-5.466559	-0.198293
9.830000	-0.055714	0.008927	-5.467979	-0.085576
9.840000	-0.055651	0.003549	-5.468271	0.027044
9.850000	-0.055643	-0.001820	-5.467438	0.139659
9.860000	-0.055688	-0.007164	-5.465478	0.252360
9.870000	-0.055786	-0.012468	-5.462390	0.365239
9.880000	-0.055937	-0.017717	-5.458172	0.478385
9.890000	-0.056140	-0.022895	-5.452821	0.591887
9.900000	-0.056395	-0.027984	-5.446333	0.705833
9.910000	-0.056699	-0.032967	-5.438703	0.820305
9.920000	-0.057054	-0.037825	-5.429925	0.935388
9.930000	-0.057455	-0.042536	-5.419993	1.051159
9.940000	-0.057904	-0.047078	-5.408899	1.167693
9.950000	-0.058396	-0.051428	-5.396636	1.285063
9.960000	-0.058931	-0.055560	-5.383195	1.403335
9.970000	-0.059507	-0.059445	-5.368566	1.522572
9.980000	-0.060119	-0.063054	-5.352740	1.642833
9.990000	-0.060767	-0.066354	-5.335706	1.764170
